0 150.9 153.4 0 0 0 0 0 0 1440
1 149.25 150.76 52 845 1 1 1 600 900
2 171.05 185.56 27 340 1 1 1 540 660
3 150.57 156.9 25 310 1 1 1 540 780
4 152.63 155.02 24 282 1 1 1 720 840
5 150.62 156.77 20 218 1 1 1 540 720
6 177.02 171.26 20 202 1 1 1 660 1020
7 176.26 173.19 19 196 1 1 1 720 840
8 162.55 147.71 19 192 1 1 1 540 705
9 154.15 162.45 19 191 1 1 1 540 840
10 152.83 153.71 19 184 1 1 1 600 780
11 170.11 186.59 19 182 1 1 1 600 840
12 154.17 163.0 18 174 1 1 1 540 750
13 171.13 185.87 18 172 1 1 1 540 720
14 194.18 175.04 18 170 1 1 1 600 720
15 159.98 153.85 18 169 1 1 1 540 1020
16 146.52 154.59 18 164 1 1 1 540 840
17 194.18 175.04 18 162 1 1 1 540 720
18 194.18 175.04 18 160 1 1 1 840 1020
19 175.21 171.68 17 157 1 1 1 600 900
20 165.75 158.57 17 150 1 1 1 540 900
21 159.56 165.5 17 149 1 1 1 540 900
22 157.97 145.53 17 149 1 1 1 600 840
23 149.73 149.4 17 147 1 1 1 540 720
24 175.3 171.61 17 146 1 1 1 600 840
25 154.29 162.67 17 145 1 1 1 570 780
26 171.55 160.66 17 140 1 1 1 840 1020
27 159.65 146.17 16 133 1 1 1 540 900
28 168.14 166.9 16 133 1 1 1 600 900
29 152.83 153.71 16 133 1 1 1 600 720
30 161.12 169.28 16 132 1 1 1 540 900
31 159.57 146.17 16 126 1 1 1 540 900
32 169.98 172.33 16 125 1 1 1 540 720
33 154.59 160.17 16 123 1 1 1 540 780
34 158.5 158.33 15 118 1 1 1 600 840
35 187.85 162.16 15 118 1 1 1 600 900
36 150.54 156.85 15 112 1 1 1 600 720
37 172.23 187.11 15 111 1 1 1 960 1020
38 169.64 172.75 15 105 1 1 1 540 900
39 158.3 154.53 14 96 1 1 1 540 780
40 171.05 185.56 14 96 1 1 1 600 720
41 160.54 160.15 14 93 1 1 1 540 900
42 170.76 166.5 14 92 1 1 1 720 1020
43 150.23 160.44 14 91 1 1 1 540 720
44 149.34 140.34 14 91 1 1 1 630 930
45 193.89 175.0 14 90 1 1 1 540 900
46 193.89 175.0 14 90 1 1 1 600 900
47 144.53 156.58 14 89 1 1 1 540 840
48 144.88 166.61 14 89 1 1 1 540 960
49 171.38 185.88 14 87 1 1 1 540 660
50 193.83 175.66 14 86 1 1 1 600 900
51 174.66 167.6 14 82 1 1 1 600 1020
52 170.76 166.5 13 79 1 1 1 600 780
53 154.29 162.67 13 78 1 1 1 600 780
54 159.58 168.8 13 78 1 1 1 540 780
55 150.55 156.86 13 77 1 1 1 540 900
56 161.04 148.39 13 76 1 1 1 540 900
57 170.11 186.59 13 75 1 1 1 540 720
58 150.26 138.16 13 74 1 1 1 540 840
59 169.98 172.33 13 73 1 1 1 540 960
60 175.88 189.88 13 73 1 1 1 540 720
61 165.35 167.03 13 72 1 1 1 540 780
62 175.2 171.73 13 71 1 1 1 600 840
63 168.36 165.88 13 70 1 1 1 630 870
64 159.07 169.75 13 69 1 1 1 600 840
65 151.69 154.25 13 68 1 1 1 540 720
66 168.62 159.12 13 66 1 1 1 540 720
67 152.15 162.0 13 64 1 1 1 660 1020
68 151.23 154.81 13 63 1 1 1 540 840
69 169.82 172.6 13 62 1 1 1 600 960
70 171.38 185.88 13 62 1 1 1 540 720
71 149.57 138.59 13 61 1 1 1 600 900
72 154.17 163.0 13 61 1 1 1 540 750
73 195.82 193.37 13 60 1 1 1 540 900
74 150.16 156.7 13 60 1 1 1 540 780
75 176.22 190.99 12 58 1 1 1 660 840
76 150.16 156.7 12 58 1 1 1 540 720
77 157.62 157.4 12 55 1 1 1 540 900
78 157.51 146.26 12 54 1 1 1 660 900
79 171.15 185.54 12 53 1 1 1 540 720
80 160.5 157.86 12 53 1 1 1 540 1020
81 150.44 156.5 12 52 1 1 1 540 720
82 171.57 165.55 12 52 1 1 1 540 720
83 152.07 150.35 12 50 1 1 1 660 780
84 151.54 147.99 12 49 1 1 1 540 900
85 170.85 185.71 12 49 1 1 1 600 660
86 152.66 151.31 12 49 1 1 1 540 840
87 171.31 185.9 12 48 1 1 1 600 720
88 145.25 158.77 12 48 1 1 1 540 840
89 148.15 141.3 12 47 1 1 1 660 900
90 150.63 156.89 12 47 1 1 1 540 720
91 164.64 152.78 12 45 1 1 1 660 840
92 157.7 155.63 12 45 1 1 1 600 960
93 167.47 169.65 12 44 1 1 1 720 1020
94 164.88 151.44 12 43 1 1 1 600 780
95 171.42 186.26 12 43 1 1 1 780 960
96 156.44 172.15 12 43 1 1 1 540 780
97 171.31 185.74 12 42 1 1 1 600 960
98 151.7 150.86 12 42 1 1 1 540 660
99 151.09 150.12 12 42 1 1 1 570 840
100 169.8 172.8 12 40 1 1 1 540 720
101 156.43 168.43 12 40 1 1 1 540 660
102 170.69 187.78 12 40 1 1 1 600 780
103 175.54 173.47 12 40 1 1 1 600 1020
104 151.53 154.49 11 39 1 1 1 600 720
105 148.41 139.32 11 39 1 1 1 600 780
106 158.1 146.48 11 39 1 1 1 600 720
107 176.16 193.01 11 39 1 1 1 780 960
108 158.52 146.04 11 39 1 1 1 720 900
109 163.68 198.12 11 35 1 1 1 540 660
110 194.12 186.41 11 34 1 1 1 780 960
111 144.58 155.21 11 33 1 1 1 660 900
112 175.11 174.48 11 32 1 1 1 600 1020
113 160.85 166.4 11 32 1 1 1 600 840
114 150.54 156.85 11 32 1 1 1 540 840
115 157.12 146.15 11 32 1 1 1 630 780
116 167.74 166.66 11 31 1 1 1 600 840
117 161.42 152.69 11 30 1 1 1 540 720
118 148.6 139.07 11 29 1 1 1 660 840
119 171.71 186.83 11 29 1 1 1 540 900
120 171.29 186.13 11 28 1 1 1 600 660
121 150.32 137.94 11 28 1 1 1 540 840
122 148.42 138.96 11 26 1 1 1 540 840
123 146.4 166.82 11 24 1 1 1 600 990
124 144.62 155.19 11 24 1 1 1 570 630
125 156.91 140.84 11 22 1 1 1 600 990
