0 150.9 153.4 0 0 0 0 0 0 1440
1 149.25 150.76 52 845 1 1 1 600 900
2 171.05 185.56 27 340 1 1 1 540 660
3 150.57 156.9 25 310 1 1 1 540 780
4 152.63 155.02 24 282 1 1 1 720 840
5 150.62 156.77 20 218 1 1 1 540 720
6 177.02 171.26 20 202 1 1 1 660 1020
7 176.26 173.19 19 196 1 1 1 720 840
8 162.55 147.71 19 192 1 1 1 540 705
9 154.15 162.45 19 191 1 1 1 540 840
10 152.83 153.71 19 184 1 1 1 600 780
11 170.11 186.59 19 182 1 1 1 600 840
12 154.17 163.0 18 174 1 1 1 540 750
13 171.13 185.87 18 172 1 1 1 540 720
14 194.18 175.04 18 170 1 1 1 600 720
15 159.98 153.85 18 169 1 1 1 540 1020
16 146.52 154.59 18 164 1 1 1 540 840
17 194.18 175.04 18 162 1 1 1 540 720
18 194.18 175.04 18 160 1 1 1 840 1020
19 175.21 171.68 17 157 1 1 1 600 900
20 165.75 158.57 17 150 1 1 1 540 900
21 159.56 165.5 17 149 1 1 1 540 900
22 157.97 145.53 17 149 1 1 1 600 840
23 149.73 149.4 17 147 1 1 1 540 720
24 175.3 171.61 17 146 1 1 1 600 840
25 154.29 162.67 17 145 1 1 1 570 780
26 171.55 160.66 17 140 1 1 1 840 1020
27 159.65 146.17 16 133 1 1 1 540 900
28 168.14 166.9 16 133 1 1 1 600 900
29 152.83 153.71 16 133 1 1 1 600 720
30 161.12 169.28 16 132 1 1 1 540 900
31 159.57 146.17 16 126 1 1 1 540 900
32 169.98 172.33 16 125 1 1 1 540 720
33 154.59 160.17 16 123 1 1 1 540 780
34 158.5 158.33 15 118 1 1 1 600 840
35 187.85 162.16 15 118 1 1 1 600 900
36 150.54 156.85 15 112 1 1 1 600 720
37 172.23 187.11 15 111 1 1 1 960 1020
38 169.64 172.75 15 105 1 1 1 540 900
39 158.3 154.53 14 96 1 1 1 540 780
40 171.05 185.56 14 96 1 1 1 600 720
41 160.54 160.15 14 93 1 1 1 540 900
42 170.76 166.5 14 92 1 1 1 720 1020
43 150.23 160.44 14 91 1 1 1 540 720
44 149.34 140.34 14 91 1 1 1 630 930
45 193.89 175.0 14 90 1 1 1 540 900
46 193.89 175.0 14 90 1 1 1 600 900
47 144.53 156.58 14 89 1 1 1 540 840
48 144.88 166.61 14 89 1 1 1 540 960
49 171.38 185.88 14 87 1 1 1 540 660
50 193.83 175.66 14 86 1 1 1 600 900
